left_a_real:[-0.0, -10.41551907041858, -12.895427764701603, -10.26449792402791, -8.799914075062379, -16.197388649403617, -14.920437966502822, -13.943379627773659, -18.74033249772749, -15.337703771254494, -22.118973725035154, -4.1050836584184225, -23.877294102655803, -11.99599343964891, -13.105963024299243, -16.37903854864856, -14.42942833784532, -10.189192614142662, -11.081925031742399, 15.854671539257698, -2.775811479778615, 9.6509347574295, 2.353710076949377, 3.9748953952440287, 3.914228140740872, 5.299473731542893, 20.62382965788941, -5.455274579263945, 0.3413452223869873, 19.889183917863647, 3.7878784330642064, -17.106624390364814, 32.459957555491265, -7.392403192139246, -0.4358249108470389, 19.036827762963874, -10.00679630525762, 7.560079842497192, 14.430123880186718, -6.62613482106582, 3.5736327197352784, 15.028246019739914, 13.34486181210278, -8.01340834628903, 10.192550423687397, 1.1672493712007341, 2.789735936321047, -4.287960234302281, -18.993889216051542, -2.5496335315252296, 0.0, 4.518340569141791, 5.306103637300689, 12.32552986679901, 6.277093955456028]
left_a_plan:[0.01, 0, 1.5, 1.5, 1.5, 1.5, 1.5, 1.5, 1.5, 1.5, 1.5, 1.5, 1.5, 1.5, 1.5, 1.5, 1.5, 1.5, 1.5, 1.5, 1.5, 1.5, 1.5, 1.5, 1.5, 1.5, 1.5, 1.5, 1.5, 0.6849476772325469, 1.5, 1.5, 1.5, 1.5, 1.5, 0, 1.5, 1.5, 1.5, 1.5, 1.5, 1.5, 1.5, 1.5, 1.5, 1.5, 1.5, 1.5, 1.5, 1.5, 1.5, 0.7722898528514724, 1.5, 1.5, 1.5, 1.5]
straight_a_real:[0.0, -13.601300122622973, -0.03843515330789493, -4.1009328463054615, -5.586387438298032, 3.2734551913364953, 1.9381181844606834, -4.900389483006034, -5.741760812481127, 0.15355954993588194, 0.14324870575146176, -2.604916957707518, -5.9528232899022235, 1.709352973361043, -1.6243136744683864, 2.0965036267606862, -5.146567892730993, -0.07691921729980233, 1.9108006266575197, -7.055131966193412, 3.7611336137593696, -2.868920023535832, 1.7969793227716697, -0.8740097736915908, 1.7707000481717683, -0.0972379385140455, -5.236576668548697, 4.019250690011541, -1.6971693797099738, -0.9890528186040888, -1.316123226617238, 2.4708096102807326, -4.471516126966219, 1.645026881361951, -1.2351981050320797, 7.4783864146616486, -4.718319799366066, -3.502064200261133, 2.4480852842855634, 5.3946017537474535, 2.1899303367731164, 6.807644220073073, -5.5563683264057895, -2.3532173651329797, 5.463798148149775, 1.3892457408492733, -2.0214291279154155, 3.7354779084489844, 2.139316169878764, -1.1424383309975799, 4.288726245535426, -0.4961626715687599, 1.8251495981248136, 4.098523564028523, 3.126306327058187]
straight_a_plan:[0.01, -0.3353451999321185, 0, 1.5, 1.5, 1.5, 1.5, 1.5, 1.5, 1.5, 1.5, 1.5, 1.5, 1.5, 1.5, 1.5, 1.5, 1.5, 1.5, 1.5, 1.5, 1.5, 1.5, 1.5, 1.5, 1.5, 1.5, 1.5, 1.5, 0.8156635670568645, 1.5, 1.5, 1.5, 1.5, 1.5, 0.1300432649350177, 1.5, 1.5, 1.5, 1.5, 1.5, 1.5, 1.5, 1.5, 1.5, 1.5, 1.5, 1.5, 1.5, 1.5, 1.5, 0.35951972370953766, 1.5, 1.5, 1.5, 1.5]
